 0.3         0.2         62.         100.        20.         2.2         
 0.2         0.1         62.         140.        20.         2.2         
 0.3         0.1         62.         180.        20.         2.2         
 0.7         0.3         62.         220.        20.         2.2         
 0.3         0.2         62.         260.        20.         2.2         
 0.3         0.2         62.         300.        20.         2.2         
 0.5         0.2         62.         340.        20.         2.2         
 0.9         0.3         62.         380.        20.         2.2         
 1.1         0.3         62.         420.        20.         2.2         
 1.7         0.4         62.         460.        20.         2.2         
 2.9         0.6         62.         500.        20.         2.2         
 4.6         0.8         62.         540.        20.         2.2         
 7.          1.          62.         580.        20.         2.2         
 10.         1.          62.         620.        20.         2.2         
 7.          1.          62.         660.        20.         2.2         
 1.5         0.4         62.         700.        20.         2.2         
 0.9         0.1         62.         740.        20.         2.2         
 0.3         0.2         62.         100.        20.         3.5         
 0.8         0.3         62.         140.        20.         3.5         
 0.2         0.1         62.         140.        20.         3.5         
 1.1         0.3         62.         220.        20.         3.5         
 0.7         0.3         62.         260.        20.         3.5         
 0.4         0.2         62.         300.        20.         3.5         
 1.1         0.3         62.         340.        20.         3.5         
 0.6         0.2         62.         380.        20.         3.5         
 0.6         0.2         62.         420.        20.         3.5         
 1.2         0.3         62.         460.        20.         3.5         
 1.6         0.4         62.         500.        20.         3.5         
 2.5         0.5         62.         540.        20.         3.5         
 4.4         0.8         62.         580.        20.         3.5         
 4.8         0.8         62.         620.        20.         3.5         
 3.1         0.6         62.         660.        20.         3.5         
 2.1         0.5         62.         700.        20.         3.5         
 0.3         0.2         62.         740.        20.         3.5         
 0.3         0.2         62.         100.        20.         4.9         
 0.2         0.1         62.         140.        20.         4.9         
 0.3         0.2         62.         180.        20.         4.9         
 0.2         0.1         62.         220.        20.         4.9         
 0.2         0.1         62.         260.        20.         4.9         
 0.2         0.1         62.         300.        20.         4.9         
 0.2         0.1         62.         340.        20.         4.9         
 0.5         0.2         62.         380.        20.         4.9         
 0.3         0.1         62.         420.        20.         4.9         
 0.7         0.2         62.         460.        20.         4.9         
 1.3         0.4         62.         500.        20.         4.9         
 1.4         0.4         62.         540.        20.         4.9         
 2.6         0.5         62.         580.        20.         4.9         
 1.6         0.4         62.         620.        20.         4.9         
 2.4         0.5         62.         660.        20.         4.9         
 0.9         0.5         62.         700.        20.         4.9         
 0.3         0.2         62.         740.        20.         4.9         
 0.06        0.02        62.         100.        20.         7.6         
 0.05        0.02        62.         140.        20.         7.6         
 0.08        0.02        62.         180.        20.         7.6         
 0.09        0.02        62.         220.        20.         7.6         
 0.09        0.02        62.         260.        20.         7.6         
 0.12        0.02        62.         300.        20.         7.6         
 0.15        0.03        62.         340.        20.         7.6         
 0.31        0.05        62.         380.        20.         7.6         
 0.43        0.06        62.         420.        20.         7.6         
 0.7         0.1         62.         460.        20.         7.6         
 1.2         0.2         62.         500.        20.         7.6         
 1.4         0.2         62.         540.        20.         7.6         
 1.2         0.2         62.         580.        20.         7.6         
 0.65        0.09        62.         620.        20.         7.6         
 0.4         0.06        62.         660.        20.         7.6         
 0.18        0.03        62.         700.        20.         7.6         
 0.06        0.02        62.         740.        20.         7.6         
 0.02        0.01        62.         100.        20.         11.1        
 0.03        0.01        62.         140.        20.         11.1        
 0.04        0.01        62.         180.        20.         11.1        
 0.04        0.02        62.         220.        20.         11.1        
 0.04        0.01        62.         260.        20.         11.1        
 0.08        0.02        62.         300.        20.         11.1        
 0.07        0.02        62.         340.        20.         11.1        
 0.17        0.03        62.         380.        20.         11.1        
 0.13        0.03        62.         420.        20.         11.1        
 0.26        0.05        62.         460.        20.         11.1        
 0.21        0.04        62.         500.        20.         11.1        
 0.26        0.05        62.         540.        20.         11.1        
 0.29        0.05        62.         580.        20.         11.1        
 0.21        0.04        62.         620.        20.         11.1        
 0.12        0.03        62.         660.        20.         11.1        
 0.06        0.02        62.         700.        20.         11.1        
 0.013       0.008       62.         740.        20.         11.1        
 0.005       0.003       62.         100.        20.         14.4        
 0.02        0.006       62.         140.        20.         14.4        
 0.025       0.007       62.         180.        20.         14.4        
 0.021       0.006       62.         220.        20.         14.4        
 0.015       0.005       62.         260.        20.         14.4        
 0.022       0.006       62.         300.        20.         14.4        
 0.023       0.006       62.         340.        20.         14.4        
 0.039       0.009       62.         380.        20.         14.4        
 0.05        0.01        62.         420.        20.         14.4        
 0.05        0.01        62.         460.        20.         14.4        
 0.038       0.009       62.         500.        20.         14.4        
 0.027       0.007       62.         540.        20.         14.4        
 0.016       0.005       62.         580.        20.         14.4        
 0.008       0.004       62.         620.        20.         14.4        
 0.005       0.003       62.         660.        20.         14.4        
 0.005       0.003       62.         700.        20.         14.4        
#ENDDATA        101         6
#Legend         6           12
#
#COL-1         : Data        : variable    
#+   Rank      : 0.1         : Y.Value     
#+   Type      : 21          : 0.1         
#+   Header    : DATA        : [Data: data]
#+   Units     : MB/SR/MEV   : [millibarns per steradian per MeV]
#+   BasicUnits: B/SR/EV     : Conv.Factor=1.e-09
#
#COL-2         : Error       : variable    
#+   Rank      : 0.911       : Y.Err+-     
#+   Type      : 21          : 0.911       
#+   Header    : DATA-ERR    : [Uncertainty: +-error]
#+   Units     : MB/SR/MEV   : [millibarns per steradian per MeV]
#+   BasicUnits: B/SR/EV     : Conv.Factor=1.e-09
#
#COL-3         : Data        : constant    
#+   Rank      : 1.1         : X1.Value    
#+   Type      : 41          : 2.1         
#+   Header    : EN          : [Incident energy: energy]
#+   Units     : MEV/A       : [MeV per mass number]
#+   BasicUnits: EV          : Conv.Factor=1.e+06
#
#COL-4         : Data        : variable    
#+   Rank      : 2.1         : X2.Value    
#+   Type      : 51          : 3.1         
#+   Header    : E           : [Secondary energy: particle energy]
#+   Units     : MEV         : [MeV]
#+   BasicUnits: EV          : Conv.Factor=1.e+06
#
#COL-5         : Error       : constant    
#+   Rank      : 2.911       : X2.Err+-    
#+   Type      : 51          : 3.911       
#+   Header    : E-ERR       : [Uncertainty: +-error]
#+   Units     : MEV         : [MeV]
#+   BasicUnits: EV          : Conv.Factor=1.e+06
#
#COL-6         : Data        : variable    
#+   Rank      : 3.1         : X3.Value    
#+   Type      : 61          : 4.1         
#+   Header    : ANG         : [Angle: angle] Angle of outgoing particle
#+   Units     : ADEG        : [angular Degrees]
#
#ENDDATASET     O2089007 
