 0.4         0.2         62.         147.        21.         2.2         
 0.2         0.1         62.         189.        21.         2.2         
 0.6         0.2         62.         231.        21.         2.2         
 0.7         0.3         62.         273.        21.         2.2         
 0.7         0.2         62.         315.        21.         2.2         
 0.7         0.2         62.         357.        21.         2.2         
 0.8         0.3         62.         399.        21.         2.2         
 1.2         0.4         62.         441.        21.         2.2         
 1.7         0.4         62.         483.        21.         2.2         
 1.3         0.4         62.         525.        21.         2.2         
 3.9         0.7         62.         567.        21.         2.2         
 6.          1.          62.         609.        21.         2.2         
 11.         2.          62.         651.        21.         2.2         
 12.         2.          62.         693.        21.         2.2         
 3.3         0.6         62.         735.        21.         2.2         
 0.27        0.04        62.         777.        21.         2.2         
 0.2         0.1         62.         105.        21.         3.5         
 0.8         0.3         62.         147.        21.         3.5         
 0.5         0.2         62.         189.        21.         3.5         
 0.5         0.2         62.         231.        21.         3.5         
 0.5         0.2         62.         273.        21.         3.5         
 0.6         0.2         62.         315.        21.         3.5         
 1.          0.3         62.         357.        21.         3.5         
 0.9         0.3         62.         399.        21.         3.5         
 0.7         0.2         62.         441.        21.         3.5         
 1.1         0.3         62.         483.        21.         3.5         
 2.1         0.5         62.         525.        21.         3.5         
 4.1         0.7         62.         567.        21.         3.5         
 5.1         0.9         62.         609.        21.         3.5         
 7.          1.          62.         651.        21.         3.5         
 6.          1.          62.         693.        21.         3.5         
 1.7         0.4         62.         735.        21.         3.5         
 0.6         0.2         62.         777.        21.         3.5         
 0.011       0.008       62.         105.        21.         4.9         
 0.02        0.01        62.         147.        21.         4.9         
 0.011       0.008       62.         189.        21.         4.9         
 0.011       0.008       62.         231.        21.         4.9         
 0.011       0.008       62.         273.        21.         4.9         
 0.2         0.1         62.         315.        21.         4.9         
 0.2         0.1         62.         357.        21.         4.9         
 0.3         0.2         62.         399.        21.         4.9         
 0.9         0.3         62.         441.        21.         4.9         
 0.4         0.2         62.         483.        21.         4.9         
 0.9         0.3         62.         525.        21.         4.9         
 2.9         0.6         62.         567.        21.         4.9         
 3.9         0.7         62.         609.        21.         4.9         
 4.1         0.8         62.         651.        21.         4.9         
 3.4         0.7         62.         693.        21.         4.9         
 1.2         0.4         62.         735.        21.         4.9         
 0.3         0.2         62.         777.        21.         4.9         
 0.08        0.02        62.         105.        21.         7.6         
 0.09        0.02        62.         147.        21.         7.6         
 0.04        0.01        62.         189.        21.         7.6         
 0.04        0.01        62.         231.        21.         7.6         
 0.07        0.02        62.         273.        21.         7.6         
 0.12        0.03        62.         315.        21.         7.6         
 0.16        0.03        62.         357.        21.         7.6         
 0.21        0.04        62.         399.        21.         7.6         
 0.41        0.06        62.         441.        21.         7.6         
 0.65        0.09        62.         483.        21.         7.6         
 1.2         0.2         62.         525.        21.         7.6         
 1.8         0.2         62.         567.        21.         7.6         
 1.9         0.2         62.         609.        21.         7.6         
 1.4         0.2         62.         651.        21.         7.6         
 0.7         0.09        62.         693.        21.         7.6         
 0.39        0.06        62.         735.        21.         7.6         
 0.07        0.02        62.         777.        21.         7.6         
 0.03        0.01        62.         105.        21.         11.1        
 0.018       0.008       62.         147.        21.         11.1        
 0.014       0.008       62.         189.        21.         11.1        
 0.02        0.01        62.         231.        21.         11.1        
 0.02        0.01        62.         273.        21.         11.1        
 0.03        0.01        62.         315.        21.         11.1        
 0.03        0.01        62.         357.        21.         11.1        
 0.08        0.02        62.         399.        21.         11.1        
 0.13        0.03        62.         441.        21.         11.1        
 0.13        0.03        62.         483.        21.         11.1        
 0.23        0.04        62.         525.        21.         11.1        
 0.33        0.05        62.         567.        21.         11.1        
 0.33        0.05        62.         609.        21.         11.1        
 0.32        0.05        62.         651.        21.         11.1        
 0.24        0.05        62.         693.        21.         11.1        
 0.13        0.03        62.         735.        21.         11.1        
 0.012       0.008       62.         777.        21.         11.1        
 0.004       0.003       62.         105.        21.         14.4        
 0.004       0.003       62.         147.        21.         14.4        
 0.009       0.003       62.         189.        21.         14.4        
 0.007       0.003       62.         231.        21.         14.4        
 0.007       0.003       62.         273.        21.         14.4        
 0.006       0.003       62.         315.        21.         14.4        
 0.007       0.003       62.         357.        21.         14.4        
 0.01        0.004       62.         399.        21.         14.4        
 0.014       0.005       62.         441.        21.         14.4        
 0.028       0.007       62.         483.        21.         14.4        
 0.04        0.01        62.         525.        21.         14.4        
 0.032       0.008       62.         567.        21.         14.4        
 0.028       0.007       62.         609.        21.         14.4        
 0.014       0.005       62.         651.        21.         14.4        
 0.004       0.003       62.         693.        21.         14.4        
 0.004       0.003       62.         735.        21.         14.4        
#ENDDATA        100         6
#Legend         6           12
#
#COL-1         : Data        : variable    
#+   Rank      : 0.1         : Y.Value     
#+   Type      : 21          : 0.1         
#+   Header    : DATA        : [Data: data]
#+   Units     : MB/SR/MEV   : [millibarns per steradian per MeV]
#+   BasicUnits: B/SR/EV     : Conv.Factor=1.e-09
#
#COL-2         : Error       : variable    
#+   Rank      : 0.911       : Y.Err+-     
#+   Type      : 21          : 0.911       
#+   Header    : DATA-ERR    : [Uncertainty: +-error]
#+   Units     : MB/SR/MEV   : [millibarns per steradian per MeV]
#+   BasicUnits: B/SR/EV     : Conv.Factor=1.e-09
#
#COL-3         : Data        : constant    
#+   Rank      : 1.1         : X1.Value    
#+   Type      : 41          : 2.1         
#+   Header    : EN          : [Incident energy: energy]
#+   Units     : MEV/A       : [MeV per mass number]
#+   BasicUnits: EV          : Conv.Factor=1.e+06
#
#COL-4         : Data        : variable    
#+   Rank      : 2.1         : X2.Value    
#+   Type      : 51          : 3.1         
#+   Header    : E           : [Secondary energy: particle energy]
#+   Units     : MEV         : [MeV]
#+   BasicUnits: EV          : Conv.Factor=1.e+06
#
#COL-5         : Error       : constant    
#+   Rank      : 2.911       : X2.Err+-    
#+   Type      : 51          : 3.911       
#+   Header    : E-ERR       : [Uncertainty: +-error]
#+   Units     : MEV         : [MeV]
#+   BasicUnits: EV          : Conv.Factor=1.e+06
#
#COL-6         : Data        : variable    
#+   Rank      : 3.1         : X3.Value    
#+   Type      : 61          : 4.1         
#+   Header    : ANG         : [Angle: angle] Angle of outgoing particle
#+   Units     : ADEG        : [angular Degrees]
#
#ENDDATASET     O2089008 
