 0.14        0.11        62.         90.         18.         2.2         
 0.2         0.1         62.         126.        18.         2.2         
 0.2         0.1         62.         162.        18.         2.2         
 0.14        0.11        62.         198.        18.         2.2         
 0.13        0.11        62.         234.        18.         2.2         
 0.14        0.11        62.         270.        18.         2.2         
 0.2         0.1         62.         306.        18.         2.2         
 0.6         0.2         62.         342.        18.         2.2         
 0.6         0.2         62.         378.        18.         2.2         
 1.          0.3         62.         414.        18.         2.2         
 1.8         0.4         62.         450.        18.         2.2         
 2.5         0.5         62.         486.        18.         2.2         
 2.8         0.6         62.         522.        18.         2.2         
 3.2         0.7         62.         558.        18.         2.2         
 2.1         0.5         62.         594.        18.         2.2         
 0.5         0.2         62.         630.        18.         2.2         
 0.2         0.1         62.         666.        18.         2.2         
 0.2         0.1         62.         90.         18.         3.5         
 0.2         0.1         62.         126.        18.         3.5         
 0.2         0.1         62.         162.        18.         3.5         
 0.3         0.2         62.         198.        18.         3.5         
 0.2         0.1         62.         234.        18.         3.5         
 0.3         0.2         62.         270.        18.         3.5         
 0.2         0.1         62.         306.        18.         3.5         
 0.2         0.1         62.         342.        18.         3.5         
 0.5         0.2         62.         378.        18.         3.5         
 0.7         0.2         62.         414.        18.         3.5         
 1.1         0.3         62.         450.        18.         3.5         
 1.9         0.4         62.         486.        18.         3.5         
 2.8         0.6         62.         522.        18.         3.5         
 2.          0.4         62.         558.        18.         3.5         
 1.4         0.3         62.         594.        18.         3.5         
 0.4         0.2         62.         630.        18.         3.5         
 0.1         0.1         62.         666.        18.         3.5         
 0.12        0.11        62.         90.         18.         4.9         
 0.13        0.11        62.         126.        18.         4.9         
 0.14        0.11        62.         162.        18.         4.9         
 0.13        0.11        62.         198.        18.         4.9         
 0.12        0.11        62.         234.        18.         4.9         
 0.14        0.11        62.         270.        18.         4.9         
 0.2         0.1         62.         306.        18.         4.9         
 0.3         0.2         62.         342.        18.         4.9         
 0.4         0.2         62.         378.        18.         4.9         
 0.9         0.3         62.         414.        18.         4.9         
 0.9         0.3         62.         450.        18.         4.9         
 1.4         0.4         62.         486.        18.         4.9         
 1.6         0.4         62.         522.        18.         4.9         
 0.8         0.2         62.         558.        18.         4.9         
 0.3         0.2         62.         594.        18.         4.9         
 0.15        0.11        62.         630.        18.         4.9         
 0.12        0.11        62.         666.        18.         4.9         
 0.06        0.02        62.         90.         18.         7.6         
 0.06        0.02        62.         126.        18.         7.6         
 0.1         0.03        62.         162.        18.         7.6         
 0.06        0.02        62.         198.        18.         7.6         
 0.07        0.02        62.         234.        18.         7.6         
 0.08        0.02        62.         270.        18.         7.6         
 0.16        0.03        62.         306.        18.         7.6         
 0.18        0.03        62.         342.        18.         7.6         
 0.34        0.05        62.         378.        18.         7.6         
 0.39        0.06        62.         414.        18.         7.6         
 0.68        0.09        62.         450.        18.         7.6         
 0.7         0.09        62.         486.        18.         7.6         
 0.63        0.09        62.         522.        18.         7.6         
 0.35        0.05        62.         558.        18.         7.6         
 0.16        0.03        62.         594.        18.         7.6         
 0.06        0.02        62.         630.        18.         7.6         
 0.011       0.007       62.         666.        18.         7.6         
 0.03        0.01        62.         90.         18.         11.1        
 0.03        0.01        62.         126.        18.         11.1        
 0.02        0.01        62.         162.        18.         11.1        
 0.03        0.01        62.         198.        18.         11.1        
 0.02        0.01        62.         234.        18.         11.1        
 0.07        0.02        62.         270.        18.         11.1        
 0.05        0.01        62.         306.        18.         11.1        
 0.07        0.02        62.         342.        18.         11.1        
 0.07        0.02        62.         378.        18.         11.1        
 0.1         0.02        62.         414.        18.         11.1        
 0.18        0.04        62.         450.        18.         11.1        
 0.15        0.03        62.         486.        18.         11.1        
 0.18        0.04        62.         522.        18.         11.1        
 0.11        0.03        62.         558.        18.         11.1        
 0.12        0.03        62.         594.        18.         11.1        
 0.06        0.02        62.         630.        18.         11.1        
 0.014       0.009       62.         666.        18.         11.1        
 0.013       0.005       62.         90.         18.         14.4        
 0.016       0.004       62.         126.        18.         14.4        
 0.018       0.005       62.         162.        18.         14.4        
 0.016       0.005       62.         198.        18.         14.4        
 0.021       0.006       62.         234.        18.         14.4        
 0.016       0.005       62.         270.        18.         14.4        
 0.018       0.005       62.         306.        18.         14.4        
 0.023       0.007       62.         342.        18.         14.4        
 0.03        0.008       62.         378.        18.         14.4        
 0.027       0.007       62.         414.        18.         14.4        
 0.023       0.007       62.         450.        18.         14.4        
 0.022       0.008       62.         486.        18.         14.4        
 0.014       0.005       62.         522.        18.         14.4        
 0.011       0.005       62.         558.        18.         14.4        
 0.008       0.004       62.         594.        18.         14.4        
 0.0007      0.0003      62.         630.        18.         14.4        
 0.0003      0.0002      62.         666.        18.         14.4        
#ENDDATA        102         6
#Legend         6           12
#
#COL-1         : Data        : variable    
#+   Rank      : 0.1         : Y.Value     
#+   Type      : 21          : 0.1         
#+   Header    : DATA        : [Data: data]
#+   Units     : MB/SR/MEV   : [millibarns per steradian per MeV]
#+   BasicUnits: B/SR/EV     : Conv.Factor=1.e-09
#
#COL-2         : Error       : variable    
#+   Rank      : 0.911       : Y.Err+-     
#+   Type      : 21          : 0.911       
#+   Header    : DATA-ERR    : [Uncertainty: +-error]
#+   Units     : MB/SR/MEV   : [millibarns per steradian per MeV]
#+   BasicUnits: B/SR/EV     : Conv.Factor=1.e-09
#
#COL-3         : Data        : constant    
#+   Rank      : 1.1         : X1.Value    
#+   Type      : 41          : 2.1         
#+   Header    : EN          : [Incident energy: energy]
#+   Units     : MEV/A       : [MeV per mass number]
#+   BasicUnits: EV          : Conv.Factor=1.e+06
#
#COL-4         : Data        : variable    
#+   Rank      : 2.1         : X2.Value    
#+   Type      : 51          : 3.1         
#+   Header    : E           : [Secondary energy: particle energy]
#+   Units     : MEV         : [MeV]
#+   BasicUnits: EV          : Conv.Factor=1.e+06
#
#COL-5         : Error       : constant    
#+   Rank      : 2.911       : X2.Err+-    
#+   Type      : 51          : 3.911       
#+   Header    : E-ERR       : [Uncertainty: +-error]
#+   Units     : MEV         : [MeV]
#+   BasicUnits: EV          : Conv.Factor=1.e+06
#
#COL-6         : Data        : variable    
#+   Rank      : 3.1         : X3.Value    
#+   Type      : 61          : 4.1         
#+   Header    : ANG         : [Angle: angle] Angle of outgoing particle
#+   Units     : ADEG        : [angular Degrees]
#
#ENDDATASET     O2089006 
