 5.          0.9         62.         30.         10.         2.2         
 5.2         0.9         62.         50.         10.         2.2         
 6.5         0.9         62.         70.         10.         2.2         
 9.          1.          62.         90.         10.         2.2         
 11.         1.          62.         110.        10.         2.2         
 15.         2.          62.         130.        10.         2.2         
 24.         3.          62.         150.        10.         2.2         
 32.         3.          62.         170.        10.         2.2         
 53.         5.          62.         190.        10.         2.2         
 72.         7.          62.         210.        10.         2.2         
 93.         9.          62.         230.        10.         2.2         
 107.        10.         62.         250.        10.         2.2         
 66.         6.          62.         270.        10.         2.2         
 32.         3.          62.         290.        10.         2.2         
 17.         2.          62.         310.        10.         2.2         
 8.          1.          62.         330.        10.         2.2         
 4.4         0.8         62.         350.        10.         2.2         
 1.5         0.4         62.         370.        10.         2.2         
 0.8         0.3         62.         390.        10.         2.2         
 3.8         0.7         62.         30.         10.         4.9         
 4.4         0.7         62.         50.         10.         4.9         
 7.          1.          62.         70.         10.         4.9         
 6.4         0.8         62.         90.         10.         4.9         
 8.          1.          62.         110.        10.         4.9         
 12.         1.          62.         130.        10.         4.9         
 16.         2.          62.         150.        10.         4.9         
 24.         3.          62.         170.        10.         4.9         
 33.         3.          62.         190.        10.         4.9         
 42.         4.          62.         210.        10.         4.9         
 51.         5.          62.         230.        10.         4.9         
 49.         5.          62.         250.        10.         4.9         
 34.         3.          62.         270.        10.         4.9         
 27.         3.          62.         290.        10.         4.9         
 15.         2.          62.         310.        10.         4.9         
 5.2         0.9         62.         330.        10.         4.9         
 2.6         0.5         62.         350.        10.         4.9         
 1.1         0.3         62.         370.        10.         4.9         
 0.5         0.3         62.         390.        10.         4.9         
 3.2         0.3         62.         30.         10.         7.6         
 3.7         0.3         62.         50.         10.         7.6         
 5.          0.4         62.         70.         10.         7.6         
 5.7         0.5         62.         90.         10.         7.6         
 7.2         0.6         62.         110.        10.         7.6         
 10.3        0.9         62.         130.        10.         7.6         
 14.         1.          62.         150.        10.         7.6         
 20.         2.          62.         170.        10.         7.6         
 27.         2.          62.         190.        10.         7.6         
 33.         3.          62.         210.        10.         7.6         
 35.         3.          62.         230.        10.         7.6         
 27.         2.          62.         250.        10.         7.6         
 16.         1.          62.         270.        10.         7.6         
 7.8         0.7         62.         290.        10.         7.6         
 3.3         0.3         62.         310.        10.         7.6         
 1.2         0.1         62.         330.        10.         7.6         
 0.43        0.06        62.         350.        10.         7.6         
 0.21        0.04        62.         370.        10.         7.6         
 0.11        0.03        62.         390.        10.         7.6         
 2.8         0.2         62.         30.         10.         14.4        
 3.6         0.3         62.         50.         10.         14.4        
 3.6         0.3         62.         70.         10.         14.4        
 4.          0.3         62.         90.         10.         14.4        
 4.6         0.4         62.         110.        10.         14.4        
 5.9         0.5         62.         130.        10.         14.4        
 6.5         0.5         62.         150.        10.         14.4        
 7.2         0.6         62.         170.        10.         14.4        
 7.          0.6         62.         190.        10.         14.4        
 6.1         0.5         62.         210.        10.         14.4        
 4.5         0.4         62.         230.        10.         14.4        
 2.7         0.2         62.         250.        10.         14.4        
 1.5         0.1         62.         270.        10.         14.4        
 0.73        0.07        62.         290.        10.         14.4        
 0.33        0.04        62.         310.        10.         14.4        
 0.12        0.02        62.         330.        10.         14.4        
 0.05        0.01        62.         350.        10.         14.4        
 0.017       0.005       62.         370.        10.         14.4        
 0.0022      0.0007      62.         390.        10.         14.4        
 1.8         0.2         62.         30.         10.         18.         
 2.8         0.2         62.         50.         10.         18.         
 2.6         0.2         62.         70.         10.         18.         
 2.4         0.2         62.         90.         10.         18.         
 2.5         0.2         62.         110.        10.         18.         
 2.8         0.2         62.         130.        10.         18.         
 2.9         0.3         62.         150.        10.         18.         
 3.          0.3         62.         170.        10.         18.         
 3.2         0.3         62.         190.        10.         18.         
 3.1         0.3         62.         210.        10.         18.         
 2.8         0.2         62.         230.        10.         18.         
 2.2         0.2         62.         250.        10.         18.         
 1.7         0.2         62.         270.        10.         18.         
 1.1         0.1         62.         290.        10.         18.         
 0.63        0.06        62.         310.        10.         18.         
 0.37        0.04        62.         330.        10.         18.         
 0.2         0.03        62.         350.        10.         18.         
 0.08        0.01        62.         370.        10.         18.         
 0.034       0.005       62.         390.        10.         18.         
 2.          0.2         62.         30.         10.         21.8        
 2.4         0.2         62.         50.         10.         21.8        
 2.1         0.2         62.         70.         10.         21.8        
 1.9         0.2         62.         90.         10.         21.8        
 1.9         0.2         62.         110.        10.         21.8        
 1.9         0.2         62.         130.        10.         21.8        
 1.7         0.1         62.         150.        10.         21.8        
 1.5         0.1         62.         170.        10.         21.8        
 1.4         0.1         62.         190.        10.         21.8        
 1.2         0.1         62.         210.        10.         21.8        
 0.86        0.08        62.         230.        10.         21.8        
 0.58        0.06        62.         250.        10.         21.8        
 0.34        0.04        62.         270.        10.         21.8        
 0.15        0.02        62.         290.        10.         21.8        
 0.11        0.02        62.         310.        10.         21.8        
 0.044       0.009       62.         330.        10.         21.8        
 0.024       0.007       62.         350.        10.         21.8        
 0.0027      0.0008      62.         370.        10.         21.8        
 0.0015      0.0006      62.         390.        10.         21.8        
#ENDDATA        114         6
#Legend         6           12
#
#COL-1         : Data        : variable    
#+   Rank      : 0.1         : Y.Value     
#+   Type      : 21          : 0.1         
#+   Header    : DATA        : [Data: data]
#+   Units     : MB/SR/MEV   : [millibarns per steradian per MeV]
#+   BasicUnits: B/SR/EV     : Conv.Factor=1.e-09
#
#COL-2         : Error       : variable    
#+   Rank      : 0.911       : Y.Err+-     
#+   Type      : 21          : 0.911       
#+   Header    : DATA-ERR    : [Uncertainty: +-error]
#+   Units     : MB/SR/MEV   : [millibarns per steradian per MeV]
#+   BasicUnits: B/SR/EV     : Conv.Factor=1.e-09
#
#COL-3         : Data        : constant    
#+   Rank      : 1.1         : X1.Value    
#+   Type      : 41          : 2.1         
#+   Header    : EN          : [Incident energy: energy]
#+   Units     : MEV/A       : [MeV per mass number]
#+   BasicUnits: EV          : Conv.Factor=1.e+06
#
#COL-4         : Data        : variable    
#+   Rank      : 2.1         : X2.Value    
#+   Type      : 51          : 3.1         
#+   Header    : E           : [Secondary energy: particle energy]
#+   Units     : MEV         : [MeV]
#+   BasicUnits: EV          : Conv.Factor=1.e+06
#
#COL-5         : Error       : constant    
#+   Rank      : 2.911       : X2.Err+-    
#+   Type      : 51          : 3.911       
#+   Header    : E-ERR       : [Uncertainty: +-error]
#+   Units     : MEV         : [MeV]
#+   BasicUnits: EV          : Conv.Factor=1.e+06
#
#COL-6         : Data        : variable    
#+   Rank      : 3.1         : X3.Value    
#+   Type      : 61          : 4.1         
#+   Header    : ANG         : [Angle: angle] Angle of outgoing particle
#+   Units     : ADEG        : [angular Degrees]
#
#ENDDATASET     O2089002 
