 0.4         0.2         62.         45.         15.         2.2         
 0.4         0.2         62.         75.         15.         2.2         
 0.4         0.2         62.         105.        15.         2.2         
 0.5         0.2         62.         135.        15.         2.2         
 1.          0.3         62.         165.        15.         2.2         
 0.7         0.2         62.         195.        15.         2.2         
 1.4         0.4         62.         225.        15.         2.2         
 1.6         0.4         62.         255.        15.         2.2         
 2.3         0.5         62.         285.        15.         2.2         
 3.          0.5         62.         315.        15.         2.2         
 4.7         0.8         62.         345.        15.         2.2         
 4.7         0.8         62.         375.        15.         2.2         
 4.          0.7         62.         405.        15.         2.2         
 2.5         0.6         62.         435.        15.         2.2         
 1.          0.3         62.         465.        15.         2.2         
 0.4         0.2         62.         495.        15.         2.2         
 0.2         0.1         62.         525.        15.         2.2         
 0.2         0.1         62.         555.        15.         2.2         
 0.09        0.03        62.         45.         15.         4.9         
 0.14        0.03        62.         75.         15.         4.9         
 0.18        0.04        62.         105.        15.         4.9         
 0.14        0.03        62.         135.        15.         4.9         
 0.5         0.2         62.         165.        15.         4.9         
 0.8         0.3         62.         195.        15.         4.9         
 0.9         0.3         62.         225.        15.         4.9         
 1.1         0.3         62.         255.        15.         4.9         
 1.6         0.3         62.         285.        15.         4.9         
 2.3         0.5         62.         315.        15.         4.9         
 2.4         0.5         62.         345.        15.         4.9         
 2.1         0.4         62.         375.        15.         4.9         
 1.4         0.3         62.         405.        15.         4.9         
 0.9         0.3         62.         435.        15.         4.9         
 0.4         0.1         62.         465.        15.         4.9         
 0.2         0.1         62.         495.        15.         4.9         
 0.02        0.01        62.         525.        15.         4.9         
 0.02        0.01        62.         555.        15.         4.9         
 0.12        0.02        62.         45.         15.         7.6         
 0.35        0.05        62.         75.         15.         7.6         
 0.33        0.05        62.         105.        15.         7.6         
 0.47        0.07        62.         135.        15.         7.6         
 0.43        0.06        62.         165.        15.         7.6         
 0.59        0.07        62.         195.        15.         7.6         
 0.79        0.09        62.         225.        15.         7.6         
 1.          0.1         62.         255.        15.         7.6         
 1.4         0.1         62.         285.        15.         7.6         
 1.5         0.2         62.         315.        15.         7.6         
 1.8         0.2         62.         345.        15.         7.6         
 1.5         0.2         62.         375.        15.         7.6         
 1.1         0.1         62.         405.        15.         7.6         
 0.58        0.07        62.         435.        15.         7.6         
 0.28        0.04        62.         465.        15.         7.6         
 0.1         0.02        62.         495.        15.         7.6         
 0.02        0.01        62.         525.        15.         7.6         
 0.02        0.01        62.         555.        15.         7.6         
 0.042       0.007       62.         45.         15.         14.4        
 0.17        0.02        62.         75.         15.         14.4        
 0.17        0.02        62.         105.        15.         14.4        
 0.15        0.02        62.         135.        15.         14.4        
 0.18        0.02        62.         165.        15.         14.4        
 0.17        0.02        62.         195.        15.         14.4        
 0.2         0.02        62.         225.        15.         14.4        
 0.21        0.02        62.         255.        15.         14.4        
 0.24        0.03        62.         285.        15.         14.4        
 0.22        0.03        62.         315.        15.         14.4        
 0.22        0.03        62.         345.        15.         14.4        
 0.18        0.02        62.         375.        15.         14.4        
 0.12        0.02        62.         405.        15.         14.4        
 0.047       0.009       62.         435.        15.         14.4        
 0.025       0.006       62.         465.        15.         14.4        
 0.009       0.004       62.         495.        15.         14.4        
 0.006       0.004       62.         525.        15.         14.4        
 0.0031      0.0026      62.         555.        15.         14.4        
 0.032       0.007       62.         45.         15.         18.         
 0.13        0.02        62.         75.         15.         18.         
 0.12        0.02        62.         105.        15.         18.         
 0.09        0.01        62.         135.        15.         18.         
 0.11        0.02        62.         165.        15.         18.         
 0.11        0.02        62.         195.        15.         18.         
 0.1         0.01        62.         225.        15.         18.         
 0.1         0.01        62.         255.        15.         18.         
 0.08        0.01        62.         285.        15.         18.         
 0.07        0.01        62.         315.        15.         18.         
 0.08        0.01        62.         345.        15.         18.         
 0.06        0.01        62.         375.        15.         18.         
 0.034       0.007       62.         405.        15.         18.         
 0.029       0.008       62.         435.        15.         18.         
 0.008       0.004       62.         465.        15.         18.         
 0.004       0.003       62.         495.        15.         18.         
 0.0031      0.0003      62.         525.        15.         18.         
 0.05        0.01        62.         45.         15.         21.8        
 0.14        0.02        62.         75.         15.         21.8        
 0.09        0.01        62.         105.        15.         21.8        
 0.06        0.01        62.         135.        15.         21.8        
 0.07        0.01        62.         165.        15.         21.8        
 0.05        0.01        62.         195.        15.         21.8        
 0.049       0.009       62.         225.        15.         21.8        
 0.036       0.007       62.         255.        15.         21.8        
 0.021       0.004       62.         285.        15.         21.8        
 0.028       0.007       62.         315.        15.         21.8        
 0.011       0.004       62.         345.        15.         21.8        
 0.01        0.004       62.         375.        15.         21.8        
 0.002       0.0006      62.         405.        15.         21.8        
 0.0008      0.0004      62.         435.        15.         21.8        
#ENDDATA        103         6
#Legend         6           12
#
#COL-1         : Data        : variable    
#+   Rank      : 0.1         : Y.Value     
#+   Type      : 21          : 0.1         
#+   Header    : DATA        : [Data: data]
#+   Units     : MB/SR/MEV   : [millibarns per steradian per MeV]
#+   BasicUnits: B/SR/EV     : Conv.Factor=1.e-09
#
#COL-2         : Error       : variable    
#+   Rank      : 0.911       : Y.Err+-     
#+   Type      : 21          : 0.911       
#+   Header    : DATA-ERR    : [Uncertainty: +-error]
#+   Units     : MB/SR/MEV   : [millibarns per steradian per MeV]
#+   BasicUnits: B/SR/EV     : Conv.Factor=1.e-09
#
#COL-3         : Data        : constant    
#+   Rank      : 1.1         : X1.Value    
#+   Type      : 41          : 2.1         
#+   Header    : EN          : [Incident energy: energy]
#+   Units     : MEV/A       : [MeV per mass number]
#+   BasicUnits: EV          : Conv.Factor=1.e+06
#
#COL-4         : Data        : variable    
#+   Rank      : 2.1         : X2.Value    
#+   Type      : 51          : 3.1         
#+   Header    : E           : [Secondary energy: particle energy]
#+   Units     : MEV         : [MeV]
#+   BasicUnits: EV          : Conv.Factor=1.e+06
#
#COL-5         : Error       : constant    
#+   Rank      : 2.911       : X2.Err+-    
#+   Type      : 51          : 3.911       
#+   Header    : E-ERR       : [Uncertainty: +-error]
#+   Units     : MEV         : [MeV]
#+   BasicUnits: EV          : Conv.Factor=1.e+06
#
#COL-6         : Data        : variable    
#+   Rank      : 3.1         : X3.Value    
#+   Type      : 61          : 4.1         
#+   Header    : ANG         : [Angle: angle] Angle of outgoing particle
#+   Units     : ADEG        : [angular Degrees]
#
#ENDDATASET     O2089003 
