 0.4         0.2         62.         80.         16.         2.2         
 0.6         0.2         62.         112.        16.         2.2         
 0.6         0.2         62.         144.        16.         2.2         
 0.7         0.2         62.         176.        16.         2.2         
 0.5         0.2         62.         208.        16.         2.2         
 0.7         0.2         62.         240.        16.         2.2         
 1.          0.3         62.         272.        16.         2.2         
 1.5         0.4         62.         304.        16.         2.2         
 2.3         0.4         62.         336.        16.         2.2         
 3.          0.5         62.         368.        16.         2.2         
 4.3         0.7         62.         400.        16.         2.2         
 4.9         0.8         62.         432.        16.         2.2         
 4.2         0.7         62.         464.        16.         2.2         
 2.3         0.4         62.         496.        16.         2.2         
 1.4         0.3         62.         528.        16.         2.2         
 0.6         0.2         62.         560.        16.         2.2         
 0.3         0.2         62.         592.        16.         2.2         
 0.3         0.1         62.         80.         16.         4.9         
 0.4         0.2         62.         112.        16.         4.9         
 0.3         0.1         62.         144.        16.         4.9         
 0.4         0.1         62.         176.        16.         4.9         
 0.6         0.2         62.         208.        16.         4.9         
 0.7         0.2         62.         240.        16.         4.9         
 1.          0.3         62.         272.        16.         4.9         
 1.2         0.3         62.         304.        16.         4.9         
 1.5         0.3         62.         336.        16.         4.9         
 2.          0.4         62.         368.        16.         4.9         
 2.6         0.5         62.         400.        16.         4.9         
 2.5         0.5         62.         432.        16.         4.9         
 2.4         0.5         62.         464.        16.         4.9         
 1.1         0.3         62.         496.        16.         4.9         
 0.5         0.2         62.         528.        16.         4.9         
 0.2         0.1         62.         560.        16.         4.9         
 0.02        0.01        62.         592.        16.         4.9         
 0.25        0.04        62.         80.         16.         7.6         
 0.29        0.05        62.         112.        16.         7.6         
 0.33        0.06        62.         144.        16.         7.6         
 0.34        0.05        62.         176.        16.         7.6         
 0.34        0.05        62.         208.        16.         7.6         
 0.59        0.08        62.         240.        16.         7.6         
 0.7         0.1         62.         272.        16.         7.6         
 1.1         0.1         62.         304.        16.         7.6         
 1.5         0.2         62.         336.        16.         7.6         
 1.9         0.2         62.         368.        16.         7.6         
 1.9         0.2         62.         400.        16.         7.6         
 1.8         0.2         62.         432.        16.         7.6         
 1.4         0.2         62.         464.        16.         7.6         
 1.          0.1         62.         496.        16.         7.6         
 0.37        0.07        62.         528.        16.         7.6         
 0.16        0.04        62.         560.        16.         7.6         
 0.02        0.01        62.         592.        16.         7.6         
 0.15        0.02        62.         80.         16.         14.4        
 0.14        0.02        62.         112.        16.         14.4        
 0.15        0.02        62.         144.        16.         14.4        
 0.18        0.02        62.         176.        16.         14.4        
 0.19        0.02        62.         208.        16.         14.4        
 0.18        0.02        62.         240.        16.         14.4        
 0.25        0.03        62.         272.        16.         14.4        
 0.24        0.03        62.         304.        16.         14.4        
 0.22        0.03        62.         336.        16.         14.4        
 0.26        0.03        62.         368.        16.         14.4        
 0.2         0.03        62.         400.        16.         14.4        
 0.13        0.02        62.         432.        16.         14.4        
 0.08        0.01        62.         464.        16.         14.4        
 0.04        0.04        62.         496.        16.         14.4        
 0.03        0.01        62.         528.        16.         14.4        
 0.01        0.004       62.         560.        16.         14.4        
 0.005       0.003       62.         592.        16.         14.4        
 0.11        0.02        62.         80.         16.         18.         
 0.08        0.01        62.         112.        16.         18.         
 0.08        0.01        62.         144.        16.         18.         
 0.05        0.01        62.         176.        16.         18.         
 0.07        0.01        62.         208.        16.         18.         
 0.06        0.01        62.         240.        16.         18.         
 0.07        0.01        62.         272.        16.         18.         
 0.07        0.01        62.         304.        16.         18.         
 0.07        0.01        62.         336.        16.         18.         
 0.06        0.01        62.         368.        16.         18.         
 0.06        0.01        62.         400.        16.         18.         
 0.05        0.01        62.         432.        16.         18.         
 0.018       0.005       62.         464.        16.         18.         
 0.012       0.004       62.         496.        16.         18.         
 0.003       0.002       62.         528.        16.         18.         
 0.08        0.01        62.         80.         16.         21.8        
 0.07        0.01        62.         112.        16.         21.8        
 0.04        0.007       62.         144.        16.         21.8        
 0.042       0.008       62.         176.        16.         21.8        
 0.03        0.007       62.         208.        16.         21.8        
 0.028       0.006       62.         240.        16.         21.8        
 0.03        0.007       62.         272.        16.         21.8        
 0.037       0.009       62.         304.        16.         21.8        
 0.021       0.005       62.         336.        16.         21.8        
 0.021       0.006       62.         368.        16.         21.8        
 0.012       0.004       62.         400.        16.         21.8        
 0.0011      0.0004      62.         432.        16.         21.8        
 0.0003      0.0002      62.         464.        16.         21.8        
#ENDDATA        96          6
#Legend         6           12
#
#COL-1         : Data        : variable    
#+   Rank      : 0.1         : Y.Value     
#+   Type      : 21          : 0.1         
#+   Header    : DATA        : [Data: data]
#+   Units     : MB/SR/MEV   : [millibarns per steradian per MeV]
#+   BasicUnits: B/SR/EV     : Conv.Factor=1.e-09
#
#COL-2         : Error       : variable    
#+   Rank      : 0.911       : Y.Err+-     
#+   Type      : 21          : 0.911       
#+   Header    : DATA-ERR    : [Uncertainty: +-error]
#+   Units     : MB/SR/MEV   : [millibarns per steradian per MeV]
#+   BasicUnits: B/SR/EV     : Conv.Factor=1.e-09
#
#COL-3         : Data        : constant    
#+   Rank      : 1.1         : X1.Value    
#+   Type      : 41          : 2.1         
#+   Header    : EN          : [Incident energy: energy]
#+   Units     : MEV/A       : [MeV per mass number]
#+   BasicUnits: EV          : Conv.Factor=1.e+06
#
#COL-4         : Data        : variable    
#+   Rank      : 2.1         : X2.Value    
#+   Type      : 51          : 3.1         
#+   Header    : E           : [Secondary energy: particle energy]
#+   Units     : MEV         : [MeV]
#+   BasicUnits: EV          : Conv.Factor=1.e+06
#
#COL-5         : Error       : constant    
#+   Rank      : 2.911       : X2.Err+-    
#+   Type      : 51          : 3.911       
#+   Header    : E-ERR       : [Uncertainty: +-error]
#+   Units     : MEV         : [MeV]
#+   BasicUnits: EV          : Conv.Factor=1.e+06
#
#COL-6         : Data        : variable    
#+   Rank      : 3.1         : X3.Value    
#+   Type      : 61          : 4.1         
#+   Header    : ANG         : [Angle: angle] Angle of outgoing particle
#+   Units     : ADEG        : [angular Degrees]
#
#ENDDATASET     O2089004 
